6.41466
6.63129
6.68469
6.37067
5.50033
5.96088
5.56758
5.42126
5.88275
6.40647
6.54738
6.28832
5.75658
6.28033
6.54221
6.50013
6.18603
5.66486
5.15183
5.38258
5.47384
5.04148
5.12535
4.94733
5.65354
6.00811
5.8287
5.07793
5.02622
5.20295
5.15678
5.59688
6.06731
6.1423
5.75053
5.9689
5.82014
5.19207
4.82282
5.29772
6.36766
6.69479
6.26267
5.40685
5.05241
4.73252
5.44493
6.01092
5.80046
5.35367
5.92979
6.29845
5.9079
6.36658
6.58461
5.9207
4.78329
5.04066
5.52956
5.95194
5.39869
5.47759
6.32888
6.13641
5.36702
5.34893
5.40551
5.78094
5.40995
4.40495
4.92676
5.79089
6.47277
6.701
6.34311
5.56308
6.01717
5.81555
5.72985
5.93386
5.92729
5.68327
5.16414
5.14014
5.27037
4.92489
5.19302
5.90829
6.45026
6.81187
6.92998
6.72763
6.19903
5.36632
4.79657
5.78328
6.63702
7.29326
7.792
8.11525
8.21452
8.09206
7.81853
7.45424
7.0167
6.48327
5.77789
5.16236
5.77038
5.58923
4.77643
5.34369
5.5027
5.98609
5.86279
5.6606
5.7461
5.14413
4.81057
5.49932
6.10474
6.29396
6.05873
5.74212
6.11559
6.09147
5.59961
5.11327
4.95285
4.95091
4.41829
4.2744
4.24499
4.44903
4.13074
4.83212
5.19023
5.08348
4.46924
4.4885
4.35897
4.32702
4.68098
4.3772
4.36845
4.18331
4.04862
4.22873
4.59391
4.84917
5.01655
5.5369
5.66197
5.60773
5.61098
5.17101
5.64752
5.50141
4.81922
4.29898
5.16107
5.80594
5.94968
5.82225
6.73155
7.37771
7.81
8.00292
7.88239
7.45648
6.80556
5.95694
6.07671
5.55109
6.25398
6.03421
6.38259
7.02771
7.34068
6.97714
5.94337
6.98144
7.76674
8.08641
7.96531
7.62087
7.17232
6.64281
6.02354
5.30106
5.24531
5.75393
5.95555
5.85573
5.98837
6.32821
6.26461
5.63954
6.18735
5.74915
6.42942
6.7024
6.41902
5.74995
4.98087
5.07129
5.61265
5.90469
5.7243
5.51132
5.21112
5.44991
4.85462
4.84653
5.75804
6.16504
5.90281
6.28073
6.87821
7.0458
6.76676
6.1887
5.40432
5.00155
4.45114
4.78283
4.90772
4.32456
5.17069
5.83192
6.03639
5.725
5.86764
5.91575
5.36179
4.6353
4.39078
4.28525
4.21043
3.98986
4.43515
5.13993
5.38538
5.53646
6.15902
6.36515
6.07982
5.29848
4.97258
4.90775
5.71754
6.21105
6.13204
5.88699
6.47263
6.84674
6.94333
6.74683
6.31769
5.70635
4.90784
4.64956
4.13649
3.94972
3.94003
5.11619
5.98665
6.63818
7.13099
7.47304
7.60718
7.41998
6.85819
5.94948
5.29191
6.03875
5.76718
6.8614
7.35292
7.33387
7.02097
6.51837
5.82152
5.16838
5.26876
5.4266
5.11985
4.74431
5.22041
5.48493
5.87305
6.10189
6.0799
5.693
6.16795
6.71015
7.02091
7.06131
6.821
6.34266
5.66087
4.93123
5.05561
5.85667
6.00378
5.39535
5.38426
6.01009
5.92011
5.30046
5.00989
4.2905
4.80877
5.05542
4.88022
4.83002
4.52086
4.63191
4.70045
5.11259
5.23309
4.82837
5.45098
5.48263
4.98524
4.63454
4.3757
4.39663
4.78863
5.67624
6.24109
6.3623
5.91939
6.17784
6.48595
6.21485
5.5242
5.28374
5.22236
4.71582
5.24981
6.25674
7.09061
7.7525
8.23376
8.43878
8.29997
7.92017
7.40682
6.78842
6.04845
6.11447
6.05369
5.19597
4.9266
5.12353
5.2266
4.67478
4.28231
5.30655
6.08728
6.71564
7.23794
7.67468
8.02088
8.22943
8.20432
7.88595
7.31586
6.53333
5.95085
6.21524
5.47879
5.84575
5.25747
5.45346
6.07038
6.31353
6.19063
5.78329
5.48517
4.85821
4.55759
5.44826
5.70652
5.48155
5.28266
5.51398
5.99279
6.29421
6.21753
5.49511
6.09484
5.8696
5.1296
5.19016
5.41551
6.25714
6.7291
8.42737
8.60223
8.68018
8.52632
7.98635
7.04706
5.69825
5.98735
5.73049
5.1153
5.26711
4.92632
6.31335
6.74746
6.42335
6.10812
6.88428
7.30777
7.21439
6.69142
5.91483
6.37092
6.42046
5.81712
5.79541
5.94797
6.13166
6.23113
6.98612
7.14445
6.8333
6.26815
5.47102
4.5171
5.46865
5.13605
5.84747
5.54928
5.62381
5.58263
6.08089
5.96306
5.62018
5.59317
5.33161
6.87048
7.67543
8.20292
8.50985
8.51321
8.20806
7.67575
6.92567
5.85961
5.41977
4.95392
5.48108
5.37416
4.7539
4.5197
4.88843
5.71894
5.84235
5.59464
5.49582
5.31116
5.22851
4.64518
4.49343
4.51514
5.62232
6.28359
6.1124
6.10116
6.65981
6.6567
6.31244
5.79206
5.97652
5.77167
5.31234
5.63547
5.93377
6.16902
6.92122
5.85522
7.71982
8.38801
8.15637
7.58869
6.8522
5.9342
6.46922
6.25223
6.15616
6.09484
5.06542
4.85672
5.49619
6.45096
6.62392
6.32126
5.81588
6.05428
5.9589
5.31312
5.20948
5.64959
5.64851
5.77588
5.3794
5.27125
6.07475
6.39065
5.90502
5.38858
6.38933
7.22425
7.53239
7.00591
5.78502
5.44062
5.89845
6.85846
7.541
7.84538
7.57885
6.82505
5.64378
4.70802
4.84753
5.35422
5.28804
5.31134
6.04402
6.50451
6.47409
6.02808
5.31346
5.56235
6.20169
6.69621
7.03564
7.16018
6.9944
6.53113
5.81183
6.19473
6.13751
5.43033
4.85544
4.90081
5.07536
5.2013
5.47877
5.81071
6.15701
5.7005
6.19841
5.97435
5.48975
5.15248
5.25673
5.73044
5.7813
6.32801
6.12607
5.51301
5.6651
5.88683
5.15572
5.01714
5.57469
6.82556
7.62289
7.8028
7.18807
5.96621
5.68908
6.73792
6.81917
6.16046
5.42947
5.21532
5.359
5.42978
4.685
5.24757
5.35207
6.39554
6.40368
5.64715
5.80397
6.13275
6.94707
7.60228
7.97091
7.61053
6.5075
6.73783
7.55333
7.36936
6.60901
5.56414
5.4065
5.34638
6.23473
6.65126
6.36909
5.48481
5.00943
4.53779
4.67432
5.78136
6.35555
6.1019
5.24104
5.57607
5.82615
5.2412
5.49211
5.41517
6.53083
6.83124
6.43045
6.111
6.84272
7.37524
7.37936
6.47607
6.76263
7.88394
8.57998
8.65422
8.27023
7.70764
7.01902
6.17244
5.09018
5.64403
5.60885
5.32953
4.83764
5.3075
5.97844
5.52073
4.60832
5.86899
6.49878
6.43886
5.83377
5.51978
5.72223
6.18973
6.3884
6.30191
5.96626
5.70013
5.68724
5.49429
5.63036
5.60241
5.31652
6.04079
5.91773
5.62009
5.43873
6.17159
6.79216
7.19005
7.23998
6.79669
5.90391
6.3627
6.12591
5.04634
5.33583
6.44747
6.9815
6.7396
5.94904
6.28254
6.27551
5.64201
5.72498
5.1186
4.71205
5.15811
6.1094
6.44365
5.93086
5.0571
5.32895
5.26647
5.02033
4.94862
4.93486
4.9046
5.13646
4.53167
4.75405
5.1631
5.56884
5.45868
6.08032
6.54083
6.63073
6.30125
5.564
5.04773
5.10708
4.71619
5.11545
5.72246
5.8354
6.63042
7.28798
7.84571
8.31301
8.64213
8.67821
8.33334
7.74062
6.9905
6.07362
6.54658
6.81991
6.31787
6.15461
6.13027
6.50713
7.18164
6.8961
6.01667
5.54007
5.43673
5.41193
5.77535
5.89554
5.5539
5.15883
5.83025
5.98703
5.79766
6.61506
6.8633
6.71997
6.31087
5.65994
4.70006
4.54527
5.52718
6.10861
6.27391
5.9667
5.2226
4.93943
5.2425
5.71634
5.73368
5.28507
4.70903
5.15045
5.51841
5.07613
4.36333
5.20261
6.26713
7.06921
7.67941
8.1206
8.3773
8.40764
8.19809
7.79268
7.23694
6.53915
6.11228
6.83899
7.21549
7.02221
6.34238
5.46878
5.72949
6.57561
7.01449
6.85963
6.20517
5.21384
4.43164
4.99897
5.31766
4.84937
5.39847
5.61729
6.31676
6.6476
6.48058
5.80326
5.30678
5.03006
4.98053
5.10623
5.2971
5.01033
5.12611
5.66872
5.98145
5.9777
5.633
4.95891
5.08596
5.0165
4.58542
4.94494
4.71379
4.95674
4.98736
5.53946
5.66687
5.43971
4.94588
4.51406
4.0991
4.32438
4.57567
5.07076
5.60406
5.71595
5.69166
6.42732
6.97284
7.33844
7.47616
7.31176
6.84417
6.12881
5.9643
5.89859
5.44282
5.84528
6.55779
6.40162
5.91573
6.47912
6.32946
5.88441
6.2819
6.57118
6.5678
6.16347
5.49008
5.63914
5.06871
4.20257
4.88608
5.17111
5.86946
6.53498
6.99448
7.27184
7.37371
7.31118
7.10987
6.79865
6.39536
5.90234
6.29273
6.55004
6.44964
5.90414
5.30643
4.9405
4.85755
5.6704
6.26478
6.23897
5.58545
4.54363
5.44809
6.0779
6.21727
5.97824
5.53171
5.16225
5.01544
4.75939
4.50526
4.80194
5.5178
6.14376
6.64378
7.04473
7.31113
7.21461
6.39537
6.67484
7.68553
8.26708
6.35763
6.3968
6.29838
6.09504
5.79898
5.48209
5.21591
4.81909
4.6405
4.64049
4.13331
4.53673
4.6428
5.45215
5.80981
5.60692
5.79198
5.9155
5.59849
5.91637
5.71847
5.42606
5.7472
6.58024
7.19002
7.55208
7.63764
7.4985
7.22778
6.88467
6.49183
6.05315
5.92004
6.07193
5.90222
5.29518
4.84755
4.61388
5.07691
5.65444
5.47349
5.76038
5.47098
5.61878
5.42932
6.01278
6.34869
6.37843
6.1527
5.72004
5.08342
4.38068
3.80789
3.68858
3.68234
3.78494
3.99391
4.13277
4.6754
4.63937
4.7695
5.26283
5.07393
5.04121
4.68242
5.17432
4.71439
4.55631
5.46726
5.76337
5.81477
6.06955
6.26361
6.39617
6.44385
6.37001
6.14003
5.73401
5.14533
4.96227
4.99004
5.66592
5.90349
5.81732
5.50622
5.30947
5.17051
5.64397
5.87399
5.88668
5.71565
5.38846
5.14387
5.63441
6.03916
6.37163
6.62787
6.76944
6.69775
6.25614
5.26343
4.9613
5.56751
5.92638
5.67587
5.9915
6.05047
5.73439
6.24737
6.22997
5.6702
5.50984
6.04341
6.72491
7.02135
6.68653
5.79258
6.64875
6.93348
6.74681
6.29927
5.64334
5.21383
5.79541
5.86067
5.49904
5.43482
5.12641
4.26775
4.58468
4.65096
4.26973
4.47854
4.6524
4.97296
4.90006
4.69229
5.25314
5.36808
5.11416
5.25369
4.86493
4.61845
4.29078
4.97825
5.4089
5.59992
5.90609
6.08472
6.09244
5.85475
5.31193
4.93982
5.2449
5.77291
6.39373
6.65327
6.34329
5.50747
5.49099
6.50346
6.91848
6.49743
5.6064
5.59556
6.48273
6.9312
6.79022
6.14858
5.20573
4.94096
4.83418
4.94593
4.52501
4.32827
3.94551
3.97067
3.98814
3.94703
4.11073
4.35133
4.55746
4.48803
4.31624
4.5348
4.38514
4.35477
5.03072
5.4253
5.55149
5.34031
5.64997
5.80635
5.54246
6.12234
6.53523
6.65995
6.43956
5.90285
5.09588
4.81433
5.57146
6.22635
6.63193
6.80848
6.80973
6.69871
6.51652
6.27872
5.98262
5.61147
5.20597
4.79504
4.52779
4.78482
4.63429
4.72874
5.42957
5.61739
5.24014
5.56829
5.19836
5.13056
5.71724
5.95661
5.89399
5.61451
5.18229
4.61601
4.06912
3.9209
4.13702
4.13322
4.70299
5.27764
5.66136
5.70963
5.59653
6.22811
6.42434
6.15494
5.50216
5.23276
5.49824
5.17754
5.52818
5.54093
5.81556
5.61794
5.29424
5.39099
5.21467
5.07606
5.03435
5.02336
5.11111
4.98014
4.64427
4.30598
4.54248
5.09825
5.26793
5.01005
5.43905
5.35349
4.89204
4.95383
4.64349
4.22447
4.81952
5.10083
5.11093
4.96455
4.76304
4.1543
3.92643
4.06627
4.01208
4.10647
3.94509
4.69553
5.22557
5.48729
5.4181
5.70908
6.08769
6.16723
5.89201
5.28919
5.24748
5.67896
5.44666
6.3915
6.98718
7.28274
7.34745
7.26055
7.06807
6.77595
6.3611
5.78057
5.45451
